a <-  3+ 10

b <- 56*90

c <- a/b
